Ambient Temperature(C): 23.7
Ambient Pressure(in Hg): 
Time(s)	T1(Deg C)	T2(Deg C)	P1(PSI)	P2(PSI)	Mass Flowrate(g/min)

0.00	23.80	24.50	0.40	1.40	0.00
0.10	23.80	24.50	0.20	1.70	0.00
0.20	23.80	24.50	0.40	1.70	0.00
0.30	23.80	24.40	0.70	1.90	0.00
0.40	23.90	24.40	0.70	1.90	0.00
0.50	24.00	24.50	0.50	2.20	0.00
0.60	24.00	24.50	0.70	1.60	0.00
0.70	23.90	24.50	0.50	2.40	0.00
0.80	24.00	24.50	0.20	1.40	0.00
0.90	24.00	24.50	0.20	1.40	0.00
1.00	23.90	24.50	0.40	2.40	0.00
1.10	23.90	24.40	0.00	1.90	0.00
1.20	23.90	24.40	1.00	1.90	0.00
1.30	23.80	24.40	0.20	1.60	0.00
1.40	23.80	24.30	0.70	1.90	0.00
1.50	23.80	24.30	0.70	2.00	0.00
1.60	23.90	24.50	0.20	1.90	0.00
1.70	23.90	24.50	0.50	1.70	0.00
1.80	23.90	24.50	0.50	1.70	0.00
1.90	23.90	24.40	0.00	2.00	0.00
2.00	24.10	24.60	0.70	1.60	0.00
2.10	23.90	24.30	0.50	1.90	0.00
2.20	23.90	24.30	0.20	1.90	0.00
2.30	24.00	24.50	-0.10	1.90	0.00
2.40	24.00	24.40	0.50	2.00	0.00
2.50	24.00	24.40	0.50	1.90	0.00
2.60	24.00	24.60	0.40	1.70	0.00
2.70	24.00	24.60	0.40	1.70	0.00
2.80	24.00	24.50	0.80	2.20	0.00
2.90	24.00	24.50	0.40	1.70	0.00
3.00	24.00	24.50	0.80	1.60	0.00
3.10	24.00	24.60	0.00	1.70	0.00
3.20	23.90	24.50	0.70	2.20	0.00
3.30	23.90	24.40	0.20	2.00	0.00
3.40	23.90	24.40	0.80	1.70	0.00
3.50	23.90	24.60	0.40	1.40	0.00
3.60	24.00	24.60	0.40	1.40	0.00
3.70	24.00	24.60	0.20	2.20	0.00
3.80	24.20	24.50	0.50	2.00	0.00
3.90	24.20	24.50	0.20	1.90	0.00
4.00	24.20	24.50	0.50	2.00	0.00
4.10	24.00	24.50	0.70	-0.10	0.00
4.20	24.10	24.50	0.40	2.20	0.00
4.30	24.10	24.50	0.50	1.70	0.00
4.40	23.90	24.50	0.70	1.90	0.00
4.50	23.90	24.50	0.50	1.70	0.00
4.60	23.90	24.50	0.50	1.70	0.00
4.70	23.90	24.40	0.80	2.00	0.00
4.80	23.90	24.40	0.50	1.60	0.00
4.90	24.00	24.50	0.40	1.60	0.00
5.00	24.10	24.50	0.50	2.20	0.00
5.10	24.10	24.50	0.40	1.70	0.00
5.20	24.00	24.60	0.50	1.60	0.00
5.30	24.00	24.40	0.50	1.60	0.00
5.40	24.00	24.40	0.40	2.00	0.00
5.50	23.90	24.60	0.50	2.40	0.00
5.60	24.00	24.50	0.80	2.00	0.00
5.70	24.00	24.50	0.20	1.90	0.00
5.80	24.00	24.50	0.50	1.40	0.00
5.90	24.00	24.50	0.20	2.70	0.00
6.00	24.00	24.50	0.00	1.70	0.00
6.10	23.90	24.50	2.00	1.90	0.00
6.20	24.30	24.60	2.00	1.90	0.00
6.30	24.30	24.60	2.00	1.90	0.00
6.40	24.90	24.50	1.90	1.90	0.00
6.50	25.00	24.50	1.60	2.50	0.00
6.60	25.00	24.50	1.70	2.00	0.00
6.70	25.00	24.40	-0.30	2.00	0.00
6.80	25.00	24.50	2.00	1.70	0.00
6.90	25.00	24.50	1.90	1.90	0.00
7.00	25.00	24.40	1.90	2.00	0.00
7.10	24.80	24.50	1.90	2.00	0.00
7.20	24.80	24.50	1.90	1.90	0.00
7.30	24.70	24.50	2.00	1.90	0.00
7.40	24.70	24.50	1.90	1.70	0.00
7.50	24.70	24.50	1.70	2.20	0.00
7.60	24.70	24.60	2.20	2.00	0.00
7.70	24.70	24.60	1.60	2.40	0.00
7.80	24.60	24.50	1.90	1.90	0.00
7.90	24.60	24.40	2.00	2.00	0.00
8.00	24.60	24.40	2.00	2.00	0.00
8.10	24.70	24.40	1.90	2.00	0.00
8.20	24.70	24.40	1.60	1.70	0.00
8.30	24.50	24.50	1.70	2.00	0.00
8.40	24.40	24.50	1.90	1.70	0.01
8.50	24.40	24.50	2.00	1.70	13.79
8.60	24.50	24.50	2.20	1.90	35.74
8.70	24.60	24.60	2.20	1.90	46.16
8.80	24.60	24.60	2.20	1.90	49.75
8.90	24.80	24.50	2.20	1.90	51.40
9.00	25.00	24.50	2.40	1.90	51.97
9.10	25.00	24.50	2.80	2.00	52.12
9.20	25.10	24.50	2.80	1.70	51.99
9.30	25.30	24.60	2.80	2.50	51.56
9.40	25.30	24.60	3.10	1.90	51.15
9.50	25.30	24.50	3.40	2.00	50.82
9.60	25.50	24.60	3.40	2.00	50.52
9.70	25.50	24.60	3.30	2.00	50.27
9.80	25.80	24.60	3.30	2.00	49.95
9.90	25.90	24.60	3.70	2.40	49.70
10.00	25.90	24.60	3.70	2.00	49.50
10.10	25.90	24.60	3.90	1.70	49.33
10.20	25.90	24.60	3.60	1.90	49.15
10.30	25.90	24.60	4.40	1.60	49.02
10.40	26.10	24.40	4.20	2.50	49.04
10.50	26.10	24.60	4.20	2.20	49.35
10.60	26.10	24.60	4.20	2.20	49.75
10.70	26.30	24.60	4.20	2.20	50.11
10.80	26.30	24.50	5.00	2.20	50.45
10.90	26.30	24.50	4.80	1.70	50.53
11.00	26.40	24.60	4.70	2.20	50.50
11.10	26.30	24.60	5.10	1.90	50.38
11.20	26.50	24.50	5.00	1.40	50.33
11.30	26.50	24.50	5.10	1.90	50.18
11.40	26.60	24.50	5.60	1.60	50.14
11.50	26.50	24.50	5.30	2.00	49.96
11.60	26.50	24.50	5.70	2.00	49.95
11.70	26.30	24.60	5.60	1.90	49.82
11.80	26.60	24.50	5.60	2.20	49.76
11.90	26.60	24.50	5.70	1.60	49.66
12.00	26.60	24.50	6.00	2.00	49.62
12.10	26.70	24.50	6.00	1.70	49.57
12.20	26.70	24.50	6.40	2.00	49.48
12.30	26.80	24.40	6.40	2.50	49.48
12.40	26.80	24.50	6.40	2.50	49.68
12.50	26.80	24.50	6.20	1.90	49.86
12.60	26.90	24.50	6.80	2.00	50.07
12.70	26.80	24.60	7.00	1.90	50.18
12.80	26.80	24.60	7.00	2.20	50.15
12.90	26.60	24.60	7.00	1.90	50.18
13.00	26.90	24.60	7.00	2.20	50.13
13.10	26.90	24.60	5.60	2.00	50.02
13.20	26.90	24.50	7.00	2.00	50.02
13.30	26.90	24.50	7.00	2.00	49.94
13.40	26.90	24.50	7.30	2.00	49.85
13.50	27.00	24.60	7.60	1.90	49.80
13.60	27.00	24.60	7.60	2.00	49.79
13.70	26.80	24.50	7.90	2.40	49.75
13.80	27.00	24.60	7.90	2.20	49.70
13.90	27.20	24.70	8.00	1.60	49.69
14.00	27.20	24.70	8.00	1.40	49.83
14.10	27.20	24.50	8.20	2.00	49.94
14.20	27.20	24.50	8.20	2.00	50.05
14.30	27.20	24.50	8.00	2.20	50.10
14.40	27.20	24.60	8.40	1.70	50.07
14.50	27.30	24.80	8.80	2.40	50.08
14.60	27.30	24.80	8.50	2.50	50.02
14.70	27.20	24.50	9.00	1.90	50.00
14.80	27.20	24.60	9.10	2.20	49.99
14.90	27.20	24.70	9.10	1.40	49.91
15.00	27.20	24.70	9.10	1.60	49.91
15.10	27.20	24.70	9.10	1.60	49.85
15.20	27.20	24.70	9.30	2.00	49.78
15.30	27.30	24.60	9.40	2.20	49.78
15.40	27.50	24.70	9.90	1.60	49.72
15.50	27.50	24.70	9.60	2.40	49.75
15.60	27.40	24.60	9.60	1.70	49.75
15.70	27.40	24.50	9.70	1.40	49.82
15.80	27.30	24.60	9.60	1.70	49.89
15.90	27.30	24.60	10.20	2.20	50.04
16.00	27.30	24.50	10.20	2.20	50.06
16.10	27.40	24.60	10.10	2.00	50.07
16.20	27.40	24.60	10.50	1.90	50.00
16.30	27.40	24.60	10.20	2.00	49.95
16.40	27.20	24.50	10.50	2.20	49.91
16.50	27.20	24.50	10.50	1.70	49.91
16.60	27.30	24.50	10.70	2.00	49.92
16.70	27.60	24.60	11.00	1.70	49.83
16.80	27.60	24.60	11.00	1.70	49.92
16.90	27.60	24.50	11.00	1.70	49.83
17.00	27.70	24.60	11.10	1.30	49.80
17.10	27.70	24.60	11.30	2.40	49.78
17.20	27.60	24.60	11.10	1.70	49.76
17.30	27.50	24.60	11.40	2.20	49.81
17.40	27.50	24.60	11.90	2.00	50.12
17.50	27.70	24.60	12.10	1.90	50.13
17.60	27.60	24.40	12.10	2.20	50.19
17.70	27.60	24.40	12.10	1.90	50.15
17.80	27.70	24.60	12.10	1.90	50.12
17.90	27.70	24.50	12.40	2.20	50.08
18.00	27.70	24.50	12.10	1.90	50.00
18.10	27.60	24.60	12.70	2.00	50.02
18.20	27.70	24.70	12.70	1.90	49.98
18.30	27.70	24.70	12.80	1.70	49.99
18.40	27.70	24.50	12.80	1.60	49.92
18.50	27.80	24.70	12.70	1.70	49.92
18.60	27.80	24.70	13.00	1.90	49.91
18.70	27.90	24.60	13.00	1.90	49.93
18.80	27.90	24.60	13.30	1.70	49.89
18.90	27.90	24.50	13.30	2.00	49.86
19.00	27.70	24.60	13.00	1.90	49.85
19.10	27.70	24.60	13.40	1.70	49.87
19.20	27.80	24.60	13.60	2.00	49.86
19.30	27.90	24.70	13.70	2.00	49.80
19.40	27.90	24.70	14.10	2.20	49.87
19.50	27.90	24.60	14.20	1.70	50.01
19.60	27.90	24.60	14.20	1.70	50.05
19.70	27.80	24.50	13.90	2.00	50.15
19.80	27.80	24.60	13.90	2.40	50.08
19.90	28.00	24.60	14.50	1.70	50.11
20.00	28.00	24.60	14.10	1.70	50.14
20.10	27.90	24.60	14.40	2.20	50.18
20.20	28.00	24.50	15.30	2.00	50.17
20.30	28.00	24.50	14.70	-0.30	50.20
20.40	28.00	24.60	14.70	2.00	50.20
20.50	27.90	24.60	14.70	2.00	50.25
20.60	27.90	24.60	15.10	2.40	50.14
20.70	28.10	24.70	15.10	1.90	50.15
20.80	28.00	24.60	15.60	2.00	50.11
20.90	28.00	24.60	15.30	1.60	50.06
21.00	28.00	24.60	16.80	1.60	50.12
21.10	28.00	24.70	15.60	2.00	50.06
21.20	28.00	24.70	15.40	2.40	50.01
21.30	27.90	24.60	15.60	2.20	50.06
21.40	28.00	24.50	15.90	1.90	49.98
21.50	28.00	24.50	16.40	1.60	50.00
21.60	28.10	24.60	16.10	1.90	49.95
21.70	28.10	24.60	15.90	1.90	49.92
21.80	28.10	24.60	16.40	1.60	49.85
21.90	28.10	24.50	17.00	1.70	49.83
22.00	28.10	24.50	16.70	2.00	49.80
22.10	28.00	24.50	16.50	1.90	49.82
22.20	28.20	24.60	16.50	1.90	49.76
22.30	28.20	24.60	16.70	2.20	49.81
22.40	28.10	24.60	17.10	2.40	49.74
22.50	28.10	24.60	17.10	2.00	49.75
22.60	28.00	24.50	17.40	1.90	49.70
22.70	28.00	24.50	17.80	1.90	49.66
22.80	28.30	24.40	17.80	2.00	49.68
22.90	28.30	24.40	17.60	1.70	49.62
23.00	28.10	24.50	17.90	2.20	49.68
23.10	28.30	24.60	17.90	2.20	49.67
23.20	28.30	24.60	17.90	1.90	49.86
23.30	28.20	24.50	17.80	2.00	50.00
23.40	28.20	24.50	17.80	2.00	50.06
23.50	28.20	24.50	18.50	1.70	50.17
23.60	28.20	24.60	18.10	2.00	50.20
23.70	28.30	24.70	18.20	2.00	50.20
23.80	28.30	24.70	19.00	1.90	50.14
23.90	28.10	24.50	18.70	2.70	50.20
24.00	28.30	24.50	18.70	2.70	50.15
24.10	28.30	24.50	19.00	1.00	50.12
24.20	28.30	24.70	19.00	2.50	50.11
24.30	28.30	24.60	19.30	2.20	50.13
24.40	28.30	24.60	18.80	2.00	50.08
24.50	28.30	24.50	19.60	2.40	50.05
24.60	28.30	24.50	19.30	2.40	50.07
24.70	28.30	24.50	19.40	2.20	50.02
24.80	28.40	24.60	19.90	1.70	50.02
24.90	28.30	24.60	19.90	1.70	50.05
25.00	28.30	24.60	19.80	2.20	49.95
25.10	28.40	24.60	19.80	1.90	49.92
25.20	28.40	24.60	19.90	1.90	49.93
25.30	28.30	24.50	20.70	1.90	49.89
25.40	28.40	24.60	20.80	2.00	49.83
25.50	28.40	24.60	20.70	2.20	49.82
25.60	28.40	24.60	20.50	2.20	49.81
25.70	28.30	24.60	20.70	2.00	49.83
25.80	28.30	24.60	20.70	2.00	49.81
25.90	28.40	24.60	20.40	2.00	49.76
26.00	28.40	24.60	20.80	1.90	49.75
26.10	28.40	24.40	21.00	1.60	49.75
26.20	28.40	24.60	21.00	2.40	49.72
26.30	28.40	24.60	21.10	2.40	49.72
26.40	28.40	24.60	21.30	2.40	49.69
26.50	28.40	24.70	21.60	1.40	49.67
26.60	28.40	24.70	21.40	1.70	49.66
26.70	28.40	24.60	21.40	1.70	49.67
26.80	28.40	24.50	21.60	2.20	49.66
26.90	28.40	24.50	21.80	2.20	50.05
27.00	28.40	24.60	21.90	1.90	50.23
27.10	28.40	24.60	21.80	1.90	50.20
27.20	28.40	24.60	22.20	2.40	50.23
27.30	28.40	24.60	22.40	2.40	50.23
27.40	28.60	24.50	22.20	1.90	50.24
27.50	28.60	24.50	22.50	2.20	50.19
27.60	28.50	24.50	22.50	2.20	50.20
27.70	28.50	24.50	22.80	1.90	50.15
27.80	28.50	24.60	22.70	1.70	50.11
27.90	28.50	24.60	23.00	2.00	50.12
28.00	28.60	24.60	23.00	2.50	50.11
28.10	28.60	24.60	23.10	-0.10	50.13
28.20	28.60	24.60	23.40	1.90	50.01
28.30	28.40	24.60	23.80	2.00	49.95
28.40	28.40	24.60	23.40	2.50	49.95
28.50	28.50	24.60	23.40	2.50	49.96
28.60	28.50	24.60	23.40	1.70	49.98
28.70	28.60	24.60	23.80	2.00	49.94
28.80	28.70	24.60	23.90	2.40	49.87
28.90	28.50	24.60	24.20	2.00	49.89
29.00	28.50	24.60	24.40	1.60	49.86
29.10	28.50	24.40	24.20	2.00	49.87
29.20	28.70	24.60	23.90	2.40	49.82
29.30	28.70	24.60	24.40	2.20	49.75
29.40	28.60	24.60	24.40	2.20	49.80
29.50	28.60	24.60	24.40	1.90	49.72
29.60	28.60	24.50	25.00	2.00	49.76
29.70	28.70	24.50	24.70	1.70	49.74
29.80	28.70	24.50	24.40	1.60	49.69
29.90	28.50	24.50	25.10	1.60	49.65
30.00	28.70	24.70	25.00	2.00	49.72
30.10	28.70	24.70	25.10	1.70	49.66
30.20	28.70	24.50	25.30	2.20	49.75
30.30	28.70	24.50	25.80	1.60	50.21
30.40	28.60	24.60	25.40	1.60	50.38
30.50	28.60	24.70	25.80	1.00	50.37
30.60	28.60	24.70	25.80	2.00	50.31
30.70	28.50	24.60	26.10	2.00	50.28
30.80	28.80	24.70	25.90	1.70	50.25
30.90	28.80	24.70	26.10	2.00	50.24
31.00	28.70	24.70	26.10	2.00	50.15
31.10	28.70	24.50	26.40	2.00	50.21
31.20	28.70	24.50	26.70	1.70	50.18
31.30	28.60	24.60	26.70	2.50	50.15
31.40	28.70	24.60	27.50	1.40	50.08
31.50	28.70	24.60	26.80	1.70	50.14
31.60	28.80	24.60	26.70	1.90	50.04
31.70	28.60	24.60	27.00	2.20	50.01
31.80	28.60	24.60	26.80	2.40	50.02
31.90	28.90	24.70	25.40	2.40	50.01
32.00	28.60	24.60	25.40	2.40	49.93
32.10	28.60	24.60	25.60	2.00	49.95
32.20	28.70	24.60	27.90	2.20	49.91
32.30	28.80	24.60	27.50	2.20	49.89
32.40	28.80	24.60	28.10	1.90	49.82
32.50	28.70	24.40	27.90	2.00	49.82
32.60	28.80	24.60	27.60	2.00	49.83
32.70	28.80	24.60	28.20	1.90	49.74
32.80	28.80	24.60	28.20	2.00	49.78
32.90	28.60	24.50	28.20	2.00	49.78
33.00	28.60	24.50	28.50	2.00	49.68
33.10	28.80	24.50	28.40	2.20	49.70
33.20	28.70	24.30	28.70	2.00	49.68
33.30	28.70	24.30	28.50	1.70	49.63
33.40	28.80	24.50	26.70	2.00	49.57
33.50	28.70	24.50	29.10	2.40	49.66
33.60	28.70	24.50	29.10	2.00	49.68
33.70	28.90	24.70	29.10	2.20	49.56
33.80	28.80	24.40	29.10	2.20	49.53
33.90	28.80	24.40	29.80	1.90	49.57
34.00	28.90	24.60	29.50	1.30	49.54
34.10	28.80	24.60	29.80	2.00	49.59
34.20	28.90	24.70	29.50	2.00	49.59
34.30	28.90	24.70	29.50	1.90	50.14
34.40	28.80	24.50	29.90	2.00	50.50
34.50	28.80	24.50	30.10	2.00	50.43
34.60	28.90	24.70	29.90	1.70	50.41
34.70	28.90	24.60	29.90	1.70	50.40
34.80	28.90	24.60	30.10	2.00	50.33
34.90	28.90	24.50	30.20	1.60	50.34
35.00	28.80	24.50	30.40	2.20	50.30
35.10	28.80	24.50	30.70	2.20	50.27
35.20	28.90	24.50	30.80	2.00	50.27
35.30	28.90	24.50	30.70	2.00	50.21
35.40	28.90	24.60	30.50	1.40	50.13
35.50	28.80	24.60	30.80	1.90	50.15
35.60	28.80	24.60	30.80	1.90	50.11
35.70	28.90	24.60	31.10	2.20	50.10
35.80	28.90	24.60	31.50	2.40	50.07
35.90	28.80	24.60	31.10	1.90	50.04
36.00	28.80	24.60	31.10	1.90	50.00
36.10	28.90	24.60	32.10	1.90	49.99
36.20	28.90	24.60	31.80	2.20	50.02
36.30	28.90	24.70	31.90	2.00	49.93
36.40	28.90	24.60	31.80	1.70	49.92
36.50	28.90	24.60	31.80	1.70	49.88
36.60	28.90	24.60	32.20	2.00	49.81
36.70	29.00	24.60	32.50	1.70	49.81
36.80	29.00	24.50	32.50	2.20	49.79
36.90	29.00	24.50	32.70	1.70	49.76
37.00	28.90	24.70	32.70	1.90	49.76
37.10	29.00	24.50	32.20	1.90	49.73
37.20	29.00	24.50	32.80	1.90	49.69
37.30	29.00	24.70	33.30	1.90	49.68
37.40	29.00	24.50	33.60	1.90	49.72
37.50	29.00	24.50	33.50	1.70	49.65
37.60	29.00	24.50	32.80	2.20	49.63
37.70	29.00	24.70	33.10	2.20	49.62
37.80	29.00	24.70	33.50	1.70	49.61
37.90	28.90	24.70	33.80	1.70	49.55
38.00	28.90	24.70	33.80	1.70	49.51
38.10	28.90	24.70	33.50	1.90	49.51
38.20	28.90	24.60	33.90	1.90	49.53
38.30	29.10	24.70	33.90	1.90	49.53
38.40	29.10	24.70	33.90	1.90	49.48
38.50	29.10	24.70	34.50	1.90	49.49
38.60	28.90	24.50	34.10	2.40	49.98
38.70	29.00	24.60	34.40	2.00	50.37
38.80	29.00	24.60	34.80	2.00	50.51
38.90	28.90	24.60	34.40	1.60	50.59
39.00	29.00	24.60	34.50	1.90	50.58
39.10	29.00	24.60	34.80	1.90	50.58
39.20	29.00	24.70	34.80	1.90	50.51
39.30	29.10	24.50	35.20	2.20	50.45
39.40	29.00	24.50	35.50	1.70	50.45
39.50	29.00	24.50	35.50	1.90	50.43
39.60	28.90	24.70	35.30	2.70	50.38
39.70	28.90	24.60	35.20	2.20	50.38
39.80	28.90	24.60	35.50	1.90	50.23
39.90	29.10	24.70	35.80	2.50	50.27
40.00	28.80	24.50	36.10	2.40	50.28
40.10	28.80	24.50	36.40	2.40	50.18
40.20	28.90	24.60	35.90	1.90	50.19
40.30	29.10	24.70	36.20	2.00	50.12
40.40	29.10	24.70	36.80	1.70	50.10
40.50	29.00	24.50	36.70	1.70	50.12
40.60	29.00	24.60	36.20	2.00	49.96
40.70	29.00	24.60	36.70	1.60	49.99
40.80	29.00	24.80	36.50	2.00	50.04
40.90	28.90	24.50	36.70	2.20	49.98
41.00	28.90	24.50	36.80	2.20	49.92
41.10	29.00	24.70	37.00	1.70	49.89
41.20	28.80	24.60	37.30	1.70	49.91
41.30	28.80	24.60	37.20	2.00	49.87
41.40	28.90	24.50	37.50	1.90	49.74
41.50	29.10	24.70	37.50	1.40	49.79
41.60	29.10	24.70	37.60	2.20	49.72
41.70	29.00	24.70	37.90	2.00	49.66
41.80	29.00	24.60	37.90	2.00	49.69
41.90	29.00	24.60	37.60	2.00	49.65
42.00	29.00	24.60	37.90	2.00	49.66
42.10	29.10	24.60	38.70	1.70	49.66
42.20	29.00	24.60	37.80	2.00	49.59
42.30	29.00	24.60	38.20	2.50	49.61
42.40	29.10	24.50	38.40	2.00	49.53
42.50	29.10	24.50	38.70	1.90	49.53
42.60	29.00	24.60	38.50	1.90	49.49
42.70	29.00	24.50	38.50	1.90	49.48
42.80	29.00	24.50	39.00	2.50	49.48
42.90	29.10	24.60	38.80	2.20	49.48
43.00	29.00	24.50	39.00	2.20	49.50
43.10	29.00	24.50	39.60	1.70	49.44
43.20	29.00	24.50	39.20	2.00	49.41
43.30	29.10	24.60	39.30	1.60	49.38
43.40	29.10	24.60	39.30	2.20	49.51
43.50	28.90	24.60	39.60	1.40	50.13
43.60	29.00	24.60	39.60	1.40	50.47
43.70	29.00	24.60	39.80	1.70	50.70
43.80	29.20	24.70	39.90	1.90	50.72
43.90	29.10	24.60	39.90	2.40	50.63
44.00	29.10	24.60	40.20	1.70	50.69
44.10	29.10	24.60	40.10	1.90	50.64
44.20	29.00	24.60	39.50	1.70	50.59
44.30	29.00	24.60	40.70	1.70	50.58
44.40	29.10	24.60	40.70	1.90	50.53
44.50	29.10	24.50	40.70	1.90	50.51
44.60	29.20	24.70	40.50	1.70	50.47
44.70	29.20	24.70	40.80	2.00	50.44
44.80	29.20	24.70	40.20	2.00	50.39
44.90	29.20	24.50	41.60	1.60	50.28
45.00	29.20	24.50	41.20	1.90	49.38
45.10	29.10	24.50	40.80	1.90	44.33
45.20	29.10	24.50	40.70	1.90	43.45
45.30	29.00	24.50	41.30	2.00	45.76
45.40	28.90	24.60	41.30	2.00	47.54
45.50	28.90	24.60	40.80	1.90	48.11
45.60	28.80	24.70	41.00	2.00	47.89
45.70	28.90	24.60	40.50	1.40	48.47
45.80	28.60	24.60	40.80	1.60	48.01
45.90	28.60	24.60	41.20	1.40	46.76
46.00	28.50	24.60	41.00	1.60	46.16
46.10	28.50	24.50	41.20	1.90	38.69
46.20	28.50	24.50	40.70	2.20	17.14
46.30	28.40	24.50	40.70	2.20	12.55
46.40	28.40	24.50	40.70	1.60	9.96
46.50	28.20	24.60	40.70	1.90	8.07
46.60	28.40	24.60	41.00	1.90	6.64
46.70	28.20	24.60	40.80	1.90	5.56
46.80	28.20	24.60	40.70	1.90	4.69
46.90	28.00	24.60	40.40	1.70	4.03
47.00	28.00	24.60	40.40	2.00	3.47
47.10	28.00	24.70	40.50	2.20	3.02
47.20	28.00	24.60	40.50	2.20	2.64
47.30	27.90	24.60	40.70	2.00	2.40
47.40	27.90	24.60	40.50	1.90	2.13
47.50	28.00	24.60	40.50	1.60	1.92
47.60	27.80	24.50	40.40	1.90	1.70
47.70	27.80	24.50	40.70	1.90	1.59
47.80	27.80	24.50	40.50	2.00	1.47
47.90	27.80	24.70	40.50	1.90	1.29
48.00	27.80	24.70	40.50	2.20	1.20
48.10	27.70	24.60	40.50	2.20	1.05
48.20	27.70	24.60	40.70	1.60	1.01
48.30	27.70	24.60	40.80	2.00	0.91
48.40	27.60	24.50	40.50	2.20	0.82
48.50	27.70	24.60	40.50	2.00	0.72
48.60	27.70	24.60	40.50	2.00	0.72
48.70	27.60	24.50	40.20	2.00	0.67
48.80	27.60	24.60	40.80	2.00	0.60
48.90	27.60	24.60	40.80	2.00	0.63
49.00	27.60	24.60	40.80	2.00	0.60
49.10	27.60	24.60	40.70	1.70	0.56
49.20	27.60	24.60	40.50	2.70	0.51
49.30	27.50	24.60	40.50	1.90	0.49
49.40	27.70	24.90	40.70	2.20	0.49
49.50	27.70	24.90	40.80	1.60	0.44
49.60	27.50	24.50	39.90	1.90	0.44
49.70	27.40	24.70	40.70	2.00	0.45
49.80	27.40	24.70	40.50	2.00	0.41
49.90	27.50	24.60	40.50	2.00	0.44
50.00	27.50	24.60	40.40	0.20	0.38
50.10	27.40	24.60	40.50	2.40	0.36
50.20	27.50	24.60	40.50	2.40	0.38
50.30	27.50	24.60	41.00	1.70	0.36
50.40	27.40	24.60	40.70	1.40	0.31
50.50	27.30	24.60	40.10	2.00	0.26
50.60	27.30	24.60	40.70	2.00	0.36
50.70	27.40	24.70	40.20	1.90	0.33
50.80	27.30	24.70	40.20	1.90	0.36
50.90	27.30	24.70	40.40	2.00	0.31
51.00	27.30	24.70	40.50	2.50	0.31
51.10	27.20	24.60	40.20	2.40	0.31
51.20	27.20	24.60	40.80	2.20	0.28
51.30	27.30	24.60	40.50	1.70	0.31
51.40	27.30	24.70	40.70	1.90	0.31
51.50	27.30	24.70	40.70	2.00	0.26
51.60	27.40	24.70	40.70	1.90	0.26
51.70	27.40	24.70	40.70	2.20	0.28
51.80	27.40	24.70	41.00	1.70	0.28
51.90	27.20	24.60	40.20	2.00	0.28
52.00	27.30	24.70	40.70	1.90	0.26
52.10	27.30	24.70	40.50	2.40	0.26
52.20	27.10	24.60	40.20	1.70	0.21
52.30	27.10	24.60	40.70	1.90	0.24
52.40	27.10	24.60	40.70	1.90	0.24
52.50	27.30	24.60	40.40	2.50	0.26
52.60	27.20	24.60	40.70	2.00	0.24
52.70	27.20	24.60	40.80	2.20	0.26
52.80	27.10	24.70	40.10	2.20	0.19
52.90	27.10	24.50	40.20	2.00	0.21
53.00	27.10	24.50	40.70	2.00	0.21
53.10	27.20	24.50	40.70	1.90	0.21
53.20	27.10	24.70	40.40	2.00	0.21
53.30	27.10	24.70	40.50	2.40	0.19
53.40	27.00	24.50	40.70	2.40	0.21
53.50	27.00	24.60	40.70	2.00	0.21
53.60	27.00	24.60	40.70	1.90	0.24
53.70	27.10	24.60	40.50	2.20	0.26
53.80	27.00	24.50	40.40	1.60	0.19
53.90	27.00	24.50	40.50	2.70	0.19
54.00	27.00	24.60	40.80	1.90	0.21
54.10	27.20	24.70	40.70	2.00	0.21
54.20	27.20	24.70	39.90	1.90	0.19
54.30	27.10	24.60	39.90	1.90	0.19
54.40	26.90	24.70	40.70	1.60	0.19
54.50	26.90	24.70	40.50	2.00	0.21
54.60	27.10	24.70	40.50	1.60	0.19
54.70	27.10	24.70	40.40	2.00	0.24
54.80	27.00	24.60	40.40	1.70	0.21
54.90	26.90	24.60	40.50	2.40	0.24
55.00	26.90	24.60	40.40	2.00	0.24
55.10	27.00	24.60	40.10	1.70	0.21
55.20	27.00	24.70	40.10	1.70	0.21
55.30	27.00	24.60	40.80	2.00	0.26
55.40	27.00	24.60	39.30	2.00	0.21
55.50	26.90	24.60	40.50	1.90	0.19
55.60	26.80	24.50	40.40	1.60	0.21
55.70	26.80	24.50	40.50	2.20	0.24
55.80	26.80	24.70	40.80	2.20	0.26
55.90	26.80	24.70	40.40	1.70	0.19
56.00	26.80	24.60	40.80	1.70	0.19
56.10	26.90	24.60	40.80	1.70	0.19
56.20	26.90	24.60	40.50	1.70	0.21
56.30	27.00	24.60	40.40	2.00	0.17
56.40	26.80	24.50	40.80	1.70	0.21
56.50	26.80	24.50	40.40	1.70	0.19
56.60	26.80	24.70	40.50	1.90	0.14
56.70	26.80	24.50	40.40	2.20	0.19
56.80	26.80	24.50	40.40	2.00	0.19
56.90	26.80	24.70	40.70	2.40	0.12
57.00	26.80	24.60	40.70	2.40	0.21
57.10	26.80	24.60	40.40	2.00	0.19
57.20	26.80	24.60	40.20	1.90	0.19
57.30	26.90	24.70	40.40	1.70	0.19
57.40	26.90	24.70	40.20	2.40	0.21
57.50	26.70	24.70	40.80	2.00	0.19
57.60	26.70	24.70	40.70	2.20	0.19
57.70	26.80	24.60	40.50	2.20	0.21
57.80	26.80	24.60	40.70	1.70	0.19
57.90	26.80	24.60	40.70	1.70	0.21
58.00	26.70	24.80	40.80	1.90	0.21
58.10	26.80	24.60	39.20	2.00	0.21
58.20	26.90	24.70	40.70	1.90	0.19
58.30	26.90	24.70	40.50	2.20	0.21
58.40	26.70	24.60	40.70	1.60	0.24
58.50	26.70	24.70	40.10	1.60	0.24
58.60	26.70	24.70	40.20	2.40	0.21
58.70	26.80	24.60	40.40	1.90	0.21
58.80	26.70	24.60	40.50	2.20	0.19
58.90	26.70	24.60	40.80	1.60	0.21
59.00	26.70	24.50	40.50	2.40	0.19
59.10	26.80	24.60	40.70	2.20	0.24
59.20	26.80	24.60	40.20	2.20	0.14
59.30	26.90	24.60	40.70	2.20	0.19
59.40	26.90	24.60	40.20	2.20	0.21
59.50	26.70	24.60	40.20	1.90	0.19
59.60	26.70	24.50	40.20	1.90	0.21
59.70	26.70	24.50	40.40	2.40	0.21
59.80	26.70	24.70	40.40	2.40	0.19
59.90	26.70	24.70	40.40	2.00	0.19
60.00	26.70	24.60	40.70	2.20	0.21
60.10	26.70	24.70	40.10	1.90	0.21
60.20	26.70	24.70	40.50	1.70	0.21
60.30	26.60	24.60	40.40	2.40	0.19
60.40	26.70	24.60	40.70	1.70	0.19
60.50	26.70	24.60	40.70	1.70	0.19
60.60	26.80	24.70	39.80	2.20	0.17
60.70	26.50	24.50	40.50	2.40	0.17
60.80	26.50	24.50	40.80	1.70	0.19
60.90	26.50	24.60	40.80	1.90	0.14
61.00	26.50	24.60	40.20	1.90	0.19
61.10	26.50	24.60	40.70	1.40	0.19
61.20	26.60	24.70	40.50	1.90	0.14
61.30	26.60	24.70	40.50	1.90	0.19
61.40	26.60	24.70	40.50	1.90	0.19
61.50	26.60	24.60	40.50	1.40	0.21
61.60	26.60	24.60	40.40	2.00	0.19
61.70	26.50	24.70	40.80	1.70	0.14
61.80	26.60	24.60	40.70	1.70	0.19
61.90	26.60	24.60	40.70	2.20	0.17
62.00	26.60	24.60	40.50	1.90	0.19
62.10	26.60	24.60	40.20	2.20	0.14
62.20	26.50	24.80	40.50	2.00	0.19
62.30	26.50	24.80	40.50	2.00	0.19
62.40	26.60	24.60	40.50	1.90	0.09
62.50	26.50	24.60	40.50	2.20	0.19
62.60	26.50	24.60	40.10	1.70	0.17
62.70	26.50	24.70	40.40	1.90	0.14
62.80	26.60	24.70	40.40	2.00	0.14
62.90	26.60	24.70	40.50	1.90	0.17
63.00	26.50	24.60	40.70	2.00	0.14
63.10	26.50	24.70	40.10	1.90	0.19
63.20	26.50	24.70	40.10	1.90	0.17
63.30	26.50	24.60	40.80	2.20	0.17
63.40	26.60	24.70	40.80	1.60	0.14
63.50	26.60	24.70	40.50	2.00	0.19
63.60	26.60	24.70	40.40	1.90	0.21
63.70	26.50	24.60	40.50	2.20	0.14
63.80	26.50	24.60	40.40	1.70	0.19
63.90	26.40	24.60	40.20	1.70	0.14
64.00	26.50	24.70	40.10	1.70	0.17
64.10	26.40	24.70	40.10	2.20	0.14
64.20	26.40	24.70	40.20	2.40	0.12
64.30	26.40	24.70	40.10	2.20	0.14
64.40	26.40	24.70	40.40	2.00	0.09
64.50	26.40	24.70	40.40	1.90	0.12
64.60	26.40	24.60	40.80	1.70	0.12
64.70	26.40	24.60	40.80	1.90	0.14
64.80	26.40	24.60	40.70	0.20	0.17
64.90	26.40	24.70	39.80	2.40	0.17
65.00	26.40	24.70	40.50	2.20	0.14
65.10	26.40	24.70	40.40	1.70	0.19
65.20	26.50	24.70	40.70	1.70	0.09
65.30	26.50	24.80	40.20	2.40	0.14
65.40	26.50	24.80	40.20	2.20	0.14
65.50	26.40	24.50	40.10	2.00	0.21
65.60	26.40	24.60	40.10	2.00	0.17
65.70	26.40	24.60	40.80	2.40	0.19
65.80	26.50	24.70	40.80	2.40	0.17
65.90	26.40	24.60	40.70	1.70	0.14
66.00	26.40	24.60	40.40	2.00	0.19
66.10	26.40	24.60	40.20	1.90	0.12
66.20	26.40	24.60	40.70	2.00	0.14
66.30	26.40	24.60	40.10	1.60	0.14
66.40	26.40	24.60	40.40	2.20	0.19
66.50	26.30	24.70	40.40	2.00	0.19
66.60	26.30	24.70	40.70	2.40	0.14
66.70	26.40	24.60	40.70	2.40	0.19
66.80	26.30	24.70	40.20	2.20	0.14
66.90	26.30	24.70	40.50	2.20	0.17
67.00	26.30	24.60	40.50	2.00	0.09
67.10	26.20	24.60	40.20	3.30	0.12
67.20	26.30	24.60	40.50	1.90	0.14
67.30	26.30	24.60	40.20	2.20	0.14
67.40	26.40	24.60	40.50	1.90	0.09
67.50	26.40	24.60	39.80	1.90	0.14
67.60	26.50	24.70	39.80	1.90	0.07
67.70	26.30	24.70	40.50	1.90	0.09
67.80	26.30	24.70	40.20	1.90	0.12
67.90	26.20	24.70	40.10	1.70	0.14
68.00	26.20	24.60	40.10	2.20	0.12
68.10	26.30	24.70	39.00	2.00	0.14
68.20	26.30	24.70	40.40	1.60	0.17
68.30	26.30	24.60	40.40	2.00	0.12
68.40	26.20	24.60	40.20	1.70	0.17
68.50	26.20	24.60	40.20	1.70	0.09
68.60	26.30	24.60	40.80	1.60	0.12
68.70	26.30	24.60	40.70	1.70	0.09
68.80	26.30	24.60	40.20	2.20	0.19
68.90	26.20	24.50	40.50	1.90	0.14
69.00	26.30	24.50	40.80	2.00	0.12
69.10	26.30	24.50	40.40	2.20	0.12
69.20	26.40	24.60	40.20	1.90	0.17
69.30	26.30	24.70	40.20	2.00	0.07
69.40	26.20	24.70	40.20	2.00	0.12
69.50	26.20	24.70	40.40	1.90	0.12
69.60	26.30	24.60	40.50	2.00	0.14
69.70	26.30	24.70	40.20	2.50	0.09
69.80	26.30	24.70	40.50	2.00	0.09
69.90	26.30	24.60	40.70	1.30	0.12
70.00	26.30	24.60	40.20	1.90	0.09
70.10	26.30	24.60	40.70	2.00	0.14
70.20	26.20	24.70	40.70	1.90	0.09
70.30	26.30	24.60	40.70	1.90	0.21
70.40	26.30	24.60	40.20	2.70	0.09
70.50	26.20	24.60	40.70	1.90	0.19
70.60	26.20	24.60	40.20	2.20	0.14
70.70	26.10	24.70	40.40	2.00	0.07
70.80	26.10	24.50	40.10	2.00	0.19
70.90	26.10	24.50	40.50	1.90	0.17
71.00	26.40	24.70	40.40	2.20	0.09
71.10	26.10	24.60	40.50	1.90	0.17
71.20	26.10	24.60	40.50	1.90	0.14
71.30	26.20	24.70	40.40	2.00	0.17
71.40	26.20	24.70	40.50	1.70	0.12
71.50	26.30	24.70	40.40	2.40	0.09
71.60	26.20	24.60	40.10	1.70	0.09
71.70	26.20	24.60	40.70	1.70	0.09
71.80	26.10	24.50	40.40	1.90	0.14
71.90	26.30	24.60	40.10	2.40	0.09
72.00	26.30	24.60	40.50	2.00	0.14
72.10	26.30	24.60	40.50	2.00	0.14
72.20	26.30	24.60	40.70	2.20	0.14
72.30	26.30	24.70	40.40	2.00	0.07
72.40	26.10	24.60	40.40	1.70	0.12
72.50	26.10	24.60	40.20	2.50	0.14
72.60	26.10	24.60	40.10	1.60	0.14
72.70	26.20	24.70	39.50	1.90	0.05
72.80	26.20	24.60	40.50	2.00	0.14
72.90	26.20	24.60	40.20	1.70	0.09
73.00	26.20	24.70	40.20	1.70	0.12
73.10	26.20	24.70	40.70	1.90	0.14
73.20	26.20	24.70	40.20	1.70	0.14
73.30	26.20	24.70	40.50	2.00	0.12
73.40	26.10	24.60	40.50	1.60	0.12
73.50	26.10	24.60	40.70	1.70	0.09
73.60	26.20	24.60	40.40	1.60	0.14
73.70	26.20	24.60	40.10	1.60	0.12
73.80	26.20	24.60	40.40	2.00	0.09
73.90	26.20	24.70	40.40	2.00	0.09
74.00	26.10	24.60	40.20	2.20	0.09
74.10	26.10	24.60	40.70	2.20	0.12
74.20	26.20	24.60	40.20	1.90	0.19
74.30	26.20	24.60	40.40	2.20	0.09
74.40	26.20	24.60	40.10	2.20	0.07
74.50	26.00	24.60	40.20	1.60	0.07
74.60	26.20	24.80	40.70	2.20	0.14
74.70	26.20	24.80	40.40	1.90	0.09
74.80	26.30	24.60	40.40	1.90	0.07
74.90	26.10	24.70	40.40	1.60	0.07
75.00	26.10	24.70	40.20	2.40	0.09
75.10	26.20	24.70	40.50	2.20	0.12
75.20	26.00	24.60	40.50	2.00	0.07
75.30	26.00	24.60	40.20	2.00	0.05
75.40	26.20	24.70	40.50	2.70	0.14
75.50	26.30	24.70	40.10	2.40	0.07
75.60	26.30	24.70	40.10	2.50	0.14
75.70	26.20	24.70	40.10	2.50	0.09
75.80	26.10	24.60	40.50	1.70	0.07
75.90	26.10	24.60	40.50	2.40	0.09
76.00	26.20	24.70	40.50	1.70	0.12
76.10	26.10	24.70	40.40	1.90	0.09
76.20	26.10	24.70	40.50	1.90	0.09
76.30	26.00	24.70	40.70	2.50	0.09
76.40	26.20	24.70	40.50	2.00	0.14
76.50	26.20	24.70	40.10	2.20	0.09
76.60	26.10	24.70	40.10	2.20	0.09
76.70	26.00	24.60	40.40	2.50	0.07
76.80	26.00	24.60	40.20	2.20	0.09
76.90	26.20	24.70	40.40	2.20	0.14
77.00	26.10	24.70	40.50	1.90	0.09
77.10	26.10	24.70	40.40	2.20	0.12
77.20	26.10	24.70	40.40	2.40	0.14
77.30	26.20	24.80	40.10	1.90	0.09
77.40	26.20	24.80	40.40	1.90	0.09
77.50	26.10	24.60	40.40	1.90	0.07
77.60	26.20	24.80	40.50	1.90	0.14
77.70	26.20	24.80	39.90	2.00	0.09
77.80	26.00	24.60	40.40	1.90	0.12
77.90	26.00	24.60	39.80	2.00	0.09
78.00	26.00	24.60	40.50	2.20	0.07
78.10	26.00	24.80	40.10	2.00	0.09
78.20	26.20	24.60	40.70	2.00	0.12
78.30	26.20	24.60	40.70	2.40	0.09
78.40	26.00	24.60	40.70	2.40	0.12
78.50	26.10	24.70	40.40	2.00	0.09
78.60	26.10	24.70	40.80	2.00	0.14
78.70	25.80	24.50	40.50	1.70	0.09
78.80	25.90	24.60	40.20	2.00	0.12
78.90	25.90	24.60	39.60	2.20	0.09
79.00	26.10	24.70	40.20	2.40	0.14
79.10	26.10	24.80	40.20	2.20	0.07
79.20	26.10	24.80	40.40	1.90	0.07
79.30	26.00	24.60	40.40	1.90	0.07
79.40	26.00	24.50	40.50	2.20	0.12
79.50	26.00	24.50	39.80	1.90	0.07
79.60	25.90	24.60	40.50	1.90	0.09
79.70	26.00	24.60	40.70	2.20	0.05
79.80	26.00	24.60	40.70	2.00	0.09
79.90	25.90	24.70	40.40	1.70	0.12
80.00	26.00	24.80	40.10	1.70	0.09
80.10	26.00	24.80	40.20	2.20	0.09
80.20	26.00	24.60	40.20	2.20	0.02
80.30	26.10	24.60	40.40	2.50	0.02
80.40	26.10	24.60	41.80	1.70	0.05
80.50	26.00	24.70	40.40	1.90	0.05
80.60	26.10	24.60	40.50	2.00	0.09
80.70	26.10	24.60	40.40	1.70	0.02
80.80	26.00	24.70	40.10	1.60	0.09
80.90	26.00	24.70	40.50	2.00	0.05
81.00	26.00	24.70	40.40	2.00	0.14
81.10	25.90	24.60	40.40	2.00	0.07
81.20	26.00	24.60	40.50	2.40	0.09
81.30	26.00	24.60	40.50	2.20	0.12
81.40	26.00	24.70	40.40	2.00	0.02
81.50	26.00	24.60	40.40	2.00	0.05
81.60	25.90	24.60	40.40	2.70	0.07
81.70	25.90	24.60	40.80	1.90	0.05
81.80	26.00	24.60	40.40	2.00	0.09
81.90	25.70	24.50	40.40	2.00	0.09
82.00	25.70	24.50	40.10	1.60	0.07
82.10	26.10	24.70	40.20	1.60	0.09
82.20	25.80	24.60	40.20	1.90	0.09
82.30	25.80	24.60	40.20	1.90	0.14
82.40	26.00	24.70	40.40	1.90	0.07
82.50	26.10	24.70	40.70	1.90	0.09
82.60	26.10	24.70	40.50	2.70	0.09
82.70	26.00	24.60	40.20	1.90	0.07
82.80	26.00	24.70	40.20	1.90	0.14
82.90	26.00	24.70	40.80	1.90	0.07
83.00	25.90	24.60	40.10	1.60	0.12
83.10	26.00	24.60	40.40	1.90	0.14
83.20	26.00	24.60	40.20	1.70	0.09
83.30	26.00	24.70	40.40	2.00	0.12
83.40	25.90	24.70	40.70	1.30	0.12
83.50	25.90	24.70	40.20	2.00	0.07
83.60	26.00	24.60	40.50	2.40	0.14
83.70	26.00	24.70	40.50	2.40	0.09
83.80	26.00	24.70	40.70	1.90	0.09
83.90	25.90	24.70	40.40	2.00	0.09
84.00	26.10	24.70	40.20	1.90	0.07
84.10	26.10	24.70	40.50	1.70	0.09
84.20	25.90	24.60	40.10	2.00	0.05
84.30	25.80	24.60	40.50	1.70	0.09
84.40	25.80	24.60	40.40	2.00	0.09
84.50	25.80	24.70	39.90	2.00	0.09
84.60	25.90	24.60	39.90	2.00	0.07
84.70	25.80	24.50	41.00	1.70	0.05
84.80	25.80	24.50	40.20	1.70	0.05
84.90	26.10	24.70	40.70	2.00	0.07
85.00	26.10	24.70	40.40	2.20	0.07
85.10	25.90	24.50	40.40	1.60	0.07
85.20	25.90	24.70	40.50	1.40	0.12
85.30	25.80	24.70	40.40	2.20	0.07
85.40	25.80	24.70	40.20	3.10	0.09
85.50	25.90	24.60	40.20	3.10	0.14
85.60	25.80	24.70	40.40	2.20	0.09
85.70	25.80	24.70	40.20	1.60	0.07
85.80	25.80	24.60	40.70	1.60	0.07
85.90	25.90	24.70	40.20	2.20	0.09
86.00	25.90	24.70	40.50	2.40	0.09
86.10	25.90	24.80	40.80	1.90	0.12
86.20	25.90	24.70	40.20	1.90	0.07
86.30	25.90	24.70	40.80	1.30	0.07
86.40	25.90	24.70	40.80	1.30	0.07
86.50	25.80	24.60	40.10	1.90	0.09
86.60	25.80	24.60	40.40	2.00	0.07
86.70	26.00	24.70	41.60	1.60	0.07
86.80	25.80	24.60	40.40	1.70	0.07
86.90	25.80	24.60	40.20	2.70	0.07
87.00	25.90	24.70	40.40	2.00	0.02
87.10	25.80	24.60	40.50	2.50	0.09
87.20	25.80	24.60	41.00	2.00	0.09
87.30	25.80	24.70	41.00	2.00	0.09
87.40	25.80	24.70	40.40	2.20	0.07
87.50	25.90	24.60	40.50	1.90	0.09
87.60	25.90	24.60	40.70	2.40	0.07
87.70	25.90	24.60	40.40	2.00	0.07
87.80	25.80	24.60	40.50	2.20	0.07
87.90	25.90	24.60	40.70	1.70	0.07
88.00	25.90	24.60	40.50	2.40	0.12
88.10	25.80	24.70	40.20	1.90	0.09
88.20	25.80	24.70	40.10	1.90	0.14
88.30	25.90	24.60	40.70	1.70	0.09
88.40	25.90	24.60	40.50	2.20	0.14
88.50	25.90	24.60	40.20	1.70	0.09
88.60	25.90	24.60	40.50	1.70	0.07
88.70	25.90	24.60	40.50	1.70	0.07
88.80	25.90	24.60	40.10	2.00	0.02
88.90	25.80	24.50	40.70	1.60	0.07
89.00	25.80	24.70	40.70	0.70	0.02
89.10	25.80	24.70	40.40	2.00	0.07
89.20	26.00	24.70	40.70	2.00	0.05
89.30	26.00	24.70	40.20	2.20	0.07
89.40	25.90	24.50	40.80	1.70	0.07
89.50	25.90	24.70	40.40	1.60	0.09
89.60	25.80	24.60	40.10	2.20	0.02
89.70	25.80	24.60	40.40	1.70	0.02
89.80	25.90	24.70	40.20	1.70	0.05
89.90	25.80	24.60	40.50	2.40	0.09
90.00	25.80	24.60	40.50	1.70	0.02
90.10	25.90	24.60	39.90	2.20	0.07
90.20	25.80	24.70	40.20	2.20	0.07
90.30	25.80	24.70	40.40	1.90	0.07
90.40	25.90	24.60	41.30	1.70	0.07
90.50	25.90	24.70	40.40	1.70	0.14
90.60	25.90	24.70	40.20	1.90	0.07
90.70	25.70	24.70	40.40	2.40	0.05
90.80	25.70	24.70	40.40	2.40	0.00
90.90	25.80	24.70	40.10	1.90	0.07
91.00	25.90	24.60	40.50	2.40	0.09
91.10	25.90	24.60	40.40	2.20	0.07
91.20	25.80	24.60	40.50	2.20	0.12
91.30	26.00	24.70	40.70	1.40	0.09
91.40	26.00	24.70	40.20	2.00	0.07
91.50	25.80	24.60	40.20	1.90	0.07
91.60	25.90	24.70	40.10	2.20	0.07
91.70	25.90	24.70	40.10	2.20	0.09
91.80	25.80	24.70	40.50	1.60	0.07
91.90	25.80	24.70	40.40	3.40	0.09
92.00	25.80	24.70	40.70	1.90	0.07
92.10	25.80	24.70	40.20	2.00	0.07
92.20	25.80	24.60	40.20	2.50	0.12
92.30	25.80	24.60	40.10	2.00	0.07
92.40	25.90	24.50	40.50	2.00	0.09
92.50	25.90	24.50	40.70	1.70	0.05
92.60	26.00	24.70	40.70	1.70	0.12
92.70	25.80	24.60	40.20	2.20	0.09
92.80	25.80	24.60	40.40	1.90	0.09
92.90	25.90	24.70	40.20	2.20	0.09
93.00	25.80	24.70	40.20	1.90	0.07
93.10	25.80	24.70	40.40	1.90	0.07
93.20	25.80	24.70	40.80	1.90	0.09
93.30	25.90	24.80	40.70	2.00	0.07
93.40	25.90	24.80	40.50	2.40	0.09
93.50	25.90	24.70	40.50	2.40	0.09
93.60	26.00	24.70	40.70	2.20	0.14
93.70	26.00	24.70	40.20	2.40	0.09
93.80	25.80	24.70	40.40	2.00	0.02
93.90	25.60	24.50	39.90	2.20	0.09
94.00	25.60	24.50	40.70	1.60	0.09
94.10	26.00	24.70	40.70	1.90	0.07
94.20	25.90	24.70	40.40	1.90	0.12
94.30	25.90	24.70	40.20	2.40	0.07
94.40	25.80	24.70	40.40	2.70	0.05
94.50	25.80	24.60	40.20	2.00	0.07
94.60	25.80	24.60	40.70	2.00	0.09
94.70	25.80	24.70	40.40	1.90	0.09
94.80	25.80	24.60	40.50	1.90	0.07
94.90	25.80	24.60	40.20	2.00	0.09
95.00	25.90	24.60	40.40	1.90	0.09
95.10	25.90	24.70	40.50	2.20	0.07
95.20	25.90	24.70	39.90	2.00	0.02
95.30	25.80	24.60	39.90	2.00	0.02
95.40	25.80	24.60	40.70	1.70	0.05
95.50	25.80	24.60	41.60	1.60	0.07
95.60	25.80	24.60	40.80	1.70	0.07
95.70	25.70	24.70	40.50	2.00	0.00
95.80	25.90	24.70	40.10	2.20	0.05
95.90	25.90	24.70	40.20	1.90	0.00
96.00	25.80	24.60	40.70	1.90	0.02
96.10	25.70	24.50	40.40	2.00	0.07
96.20	25.70	24.50	40.40	2.00	0.07
96.30	25.80	24.60	40.40	2.20	0.07
96.40	25.80	24.60	40.20	1.70	0.07
96.50	25.90	24.70	40.10	1.90	0.07
96.60	26.00	24.70	40.10	1.70	0.07
96.70	26.00	24.70	40.20	1.70	0.07
96.80	25.90	24.70	40.70	2.20	0.05
96.90	25.80	24.70	40.40	1.90	0.00
97.00	25.90	24.70	40.20	2.00	0.02
97.10	25.90	24.70	40.20	2.00	0.02
97.20	25.80	24.70	40.40	2.00	0.02
97.30	25.80	24.70	40.50	1.90	0.05
97.40	25.80	24.70	40.70	2.00	0.05
97.50	25.90	24.70	40.40	2.20	0.09
97.60	25.80	24.70	40.40	1.90	0.12
97.70	25.80	24.70	40.20	1.70	0.07
97.80	25.80	24.70	40.50	1.30	0.02
97.90	25.80	24.70	40.40	1.70	-0.05
98.00	25.80	24.70	40.40	1.70	0.07
98.10	25.90	24.70	40.10	2.50	0.09
98.20	25.80	24.70	40.40	2.40	0.02
98.30	25.80	24.70	40.40	2.50	0.02
98.40	26.00	24.80	40.50	2.00	0.12
98.50	26.00	24.80	40.20	2.20	0.07
98.60	25.80	24.60	40.20	1.90	0.07
98.70	25.80	24.70	40.20	1.90	0.02
98.80	25.80	24.70	40.50	2.00	0.05
98.90	25.70	24.80	40.50	1.90	0.07
99.00	25.80	24.70	40.10	1.90	0.05
99.10	25.80	24.70	40.40	2.00	0.05
99.20	25.70	24.60	40.70	1.90	0.07
99.30	25.80	24.70	40.20	2.40	0.09
99.40	25.80	24.70	40.10	2.00	0.05
99.50	25.80	24.60	40.50	1.90	0.07
99.60	25.80	24.60	40.70	1.70	0.05
99.70	25.80	24.60	40.70	1.70	0.09
99.80	25.70	24.50	40.70	1.70	0.07
99.90	25.70	24.60	40.50	1.70	0.05
100.00	25.70	24.60	40.70	1.60	0.00
100.10	25.70	24.50	40.70	1.70	0.02
100.20	25.90	24.70	40.40	2.00	0.02
100.30	25.90	24.70	40.50	1.40	0.09
100.40	25.60	24.70	40.40	2.20	0.02
100.50	25.80	24.60	40.20	2.00	0.07
100.60	25.80	24.60	40.20	2.40	0.02
100.70	25.70	24.70	40.20	2.40	0.02
100.80	25.80	24.70	40.40	1.90	0.07
100.90	25.80	24.70	40.40	1.90	0.05
101.00	25.60	24.60	40.40	2.20	0.05
101.10	25.80	24.50	40.20	1.90	0.02
101.20	25.80	24.50	40.70	1.90	0.07
101.30	25.80	24.60	40.40	1.70	0.05
101.40	25.80	24.70	40.70	1.70	0.07
101.50	25.80	24.70	39.80	2.40	0.02
101.60	25.80	24.70	39.80	2.40	-0.05
101.70	25.80	24.70	40.50	2.40	0.05
101.80	25.80	24.70	40.10	2.50	0.07
101.90	25.80	24.70	41.30	1.90	0.07
102.00	25.90	24.70	40.50	1.90	0.07
102.10	25.90	24.70	40.40	1.70	0.02
102.20	25.80	24.70	40.50	1.90	0.09
102.30	25.80	24.70	40.40	1.90	0.07
102.40	25.80	24.70	40.20	1.70	0.07
102.50	25.80	24.60	40.20	1.70	0.05
102.60	25.70	24.60	40.10	1.90	0.07
102.70	25.70	24.60	40.40	1.90	0.07
102.80	25.70	24.60	40.20	2.40	0.07
102.90	25.90	24.70	39.90	1.90	0.02
103.00	25.90	24.70	40.20	2.20	0.00
103.10	25.90	24.80	40.40	2.20	0.02
103.20	25.70	24.80	40.40	2.20	0.07
103.30	25.70	24.80	41.60	1.60	0.07
103.40	25.80	24.60	41.60	1.60	0.05
103.50	25.70	24.70	40.40	1.70	0.02
103.60	25.80	24.80	40.50	1.90	0.07
103.70	25.80	24.80	40.40	1.70	0.07
103.80	25.90	24.70	40.50	2.00	0.07
103.90	25.90	24.70	40.20	2.00	0.05
104.00	25.70	24.60	40.20	2.40	0.07
104.10	25.70	24.70	40.40	1.60	0.00
104.20	25.70	24.70	40.50	1.90	0.09
104.30	25.70	24.70	40.50	1.90	0.09
104.40	25.80	24.70	40.50	1.90	0.02
104.50	25.70	24.60	40.50	2.00	0.07
104.60	25.70	24.60	40.50	2.20	0.05
104.70	25.70	24.60	40.50	2.00	0.05
104.80	25.70	24.60	40.20	1.70	0.02
104.90	25.70	24.60	40.10	2.00	0.02
105.00	25.70	24.60	40.40	1.90	0.09
105.10	25.70	24.70	40.40	1.90	0.07
105.20	25.70	24.70	40.40	2.50	0.02
105.30	25.80	24.70	40.20	1.70	0.05
105.40	25.80	24.60	40.40	2.00	0.02
105.50	25.80	24.60	41.00	2.00	0.14
105.60	25.70	24.60	40.50	1.90	0.07
105.70	25.60	24.60	39.80	2.40	0.02
105.80	25.80	24.80	40.40	1.70	0.02
105.90	25.80	24.80	40.40	2.20	0.00
106.00	25.70	24.70	40.40	2.20	-0.05
106.10	25.70	24.70	40.20	2.00	0.00
106.20	25.70	24.70	40.20	1.60	0.02
106.30	25.80	24.80	40.40	1.60	0.07
106.40	25.80	24.70	40.50	1.90	0.02
106.50	25.80	24.70	40.50	3.00	0.05
106.60	25.80	24.70	40.40	2.00	0.05
106.70	25.80	24.70	40.20	2.00	0.02
106.80	25.90	24.70	40.40	1.90	0.09
106.90	25.70	24.60	40.40	1.90	0.05
107.00	25.70	24.70	40.50	2.00	0.05
107.10	25.70	24.70	40.40	2.20	0.07
107.20	25.80	24.50	39.80	2.00	0.09
107.30	25.80	24.60	40.40	2.00	0.02
107.40	25.80	24.60	40.40	2.20	0.05
107.50	25.80	24.60	40.80	1.70	0.12
107.60	25.70	24.70	40.40	2.20	0.02
107.70	25.70	24.70	40.40	1.90	0.02
107.80	25.80	24.70	40.40	1.90	0.09
107.90	25.80	24.60	40.50	1.70	0.05
108.00	25.80	24.60	40.20	2.00	0.00
108.10	25.80	24.80	40.10	1.70	0.07
108.20	25.80	24.70	40.50	2.00	0.07
108.30	25.80	24.70	40.10	2.00	0.07
108.40	25.70	24.50	40.40	1.70	0.07
108.50	25.60	24.60	40.40	2.20	0.07
108.60	25.60	24.60	40.80	1.60	0.07
108.70	25.60	24.60	40.80	1.60	0.05
108.80	25.60	24.60	39.90	2.00	0.07
108.90	25.70	24.70	40.40	1.90	0.07
109.00	25.70	24.60	40.10	2.20	0.12
109.10	25.70	24.60	40.50	2.00	0.07
109.20	25.80	24.70	40.10	2.00	0.09
109.30	25.80	24.80	40.40	2.00	0.09
109.40	25.80	24.70	40.70	1.60	0.12
109.50	25.80	24.70	40.40	2.00	0.05
109.60	25.80	24.80	40.40	2.00	0.12
109.70	25.70	24.70	40.70	1.90	0.07
109.80	25.70	24.70	40.70	-0.10	0.12
109.90	25.70	24.80	40.20	2.20	0.14
110.00	25.70	24.70	41.00	1.60	0.09
110.10	25.70	24.70	40.20	2.00	0.05
110.20	25.70	24.70	40.50	1.90	0.09
110.30	25.60	24.60	40.70	2.40	0.09
110.40	25.60	24.60	40.10	2.40	0.07
110.50	25.70	24.70	40.40	2.00	0.07
110.60	25.80	24.70	40.40	1.90	0.09
110.70	25.80	24.70	39.90	2.00	0.12
110.80	25.80	24.70	40.20	1.90	0.09
110.90	25.80	24.70	40.10	2.50	0.09
111.00	25.80	24.70	40.70	2.20	0.07
111.10	25.70	24.70	39.90	2.40	0.05
111.20	25.70	24.70	40.20	1.90	0.02
111.30	25.70	24.70	40.70	1.90	0.09
111.40	25.80	24.70	40.70	1.90	0.12
111.50	25.80	24.80	40.20	1.90	0.09
111.60	25.80	24.80	41.00	2.00	0.05
111.70	25.80	24.70	40.20	2.40	0.09
111.80	25.70	24.60	40.20	2.20	0.07
111.90	25.70	24.60	40.40	2.00	0.09
112.00	25.70	24.60	40.40	2.40	0.09
112.10	25.90	24.80	40.50	2.40	0.07
112.20	25.90	24.80	40.20	2.20	0.05
112.30	25.60	24.70	40.20	2.20	0.09
112.40	25.60	24.70	40.70	1.90	0.05
112.50	25.70	24.60	40.50	2.00	0.07
112.60	25.80	24.70	40.20	2.20	0.09
112.70	25.80	24.70	40.40	2.40	0.05
112.80	25.70	24.60	40.40	2.00	0.09
112.90	25.60	24.60	39.60	1.70	0.07
113.00	25.60	24.60	39.90	2.40	0.09
113.10	25.60	24.50	40.20	1.90	0.07
113.20	25.60	24.50	40.20	1.90	0.02
113.30	25.70	24.60	40.50	1.70	0.07
113.40	25.70	24.60	40.80	2.20	0.09
113.50	25.80	24.70	40.40	2.70	0.09
113.60	25.80	24.70	39.60	2.20	0.05
113.70	25.70	24.70	40.50	2.20	0.09
113.80	25.70	24.70	40.80	1.90	0.05
113.90	25.70	24.70	40.40	1.90	0.07
114.00	25.60	24.70	40.20	2.20	0.05
114.10	25.80	24.60	40.20	2.20	0.05
114.20	25.80	24.60	40.40	1.90	0.14
114.30	25.70	24.70	39.90	2.70	0.12
114.40	25.70	24.60	40.10	1.70	0.09
114.50	25.70	24.60	40.20	1.90	0.09
114.60	25.70	24.70	40.20	2.00	0.07
114.70	25.80	24.70	40.70	2.20	0.09
114.80	25.80	24.70	40.20	2.20	0.07
114.90	25.60	24.60	39.90	2.20	0.12
115.00	25.90	24.80	40.10	2.20	0.07
115.10	25.90	24.80	40.80	2.00	0.07
115.20	25.80	24.60	40.10	2.40	0.09
115.30	25.70	24.60	40.10	2.00	0.07
115.40	25.70	24.60	40.40	2.20	0.12
115.50	25.60	24.60	40.70	1.90	0.09
115.60	25.70	24.60	40.10	1.40	0.09
115.70	25.70	24.60	40.40	1.70	0.07
115.80	25.70	24.60	40.40	1.70	0.12
115.90	25.70	24.70	40.10	2.00	0.12
116.00	25.70	24.70	40.50	1.90	0.07
116.10	25.80	24.70	40.70	2.50	0.07
116.20	25.70	24.80	40.50	1.90	0.09
116.30	25.70	24.80	40.70	1.70	0.09
116.40	25.70	24.70	40.50	2.00	0.09
116.50	25.70	24.70	40.50	1.90	0.09
116.60	25.60	24.70	40.20	1.70	0.09
116.70	25.70	24.80	40.20	1.70	0.09
116.80	25.70	24.80	40.10	1.40	0.09
116.90	25.70	24.80	40.40	1.90	0.07
117.00	25.70	24.80	40.40	1.10	0.09
117.10	25.70	24.60	40.50	1.90	0.07
117.20	25.70	24.60	39.90	1.90	0.12
117.30	25.70	24.60	41.00	2.00	0.09
117.40	25.60	24.60	40.20	1.60	0.14
117.50	25.70	24.70	40.40	1.60	0.09
117.60	25.70	24.70	40.40	1.60	0.14
117.70	25.70	24.70	40.10	1.90	0.14
117.80	25.70	24.70	40.40	2.20	0.07
117.90	25.70	24.70	39.90	1.90	0.14
118.00	25.70	24.70	40.70	2.00	0.07
118.10	25.70	24.60	40.50	2.40	0.00
118.20	25.70	24.60	40.10	2.00	0.07
118.30	25.70	24.70	40.40	1.90	0.09
118.40	25.70	24.70	40.20	1.70	0.09
118.50	25.70	24.70	40.20	1.70	0.12
118.60	25.80	24.60	40.40	2.20	0.07
118.70	25.50	24.60	40.40	1.90	0.05
118.80	25.70	24.70	40.80	2.20	0.07
118.90	25.70	24.70	40.40	1.90	0.05
119.00	25.90	24.80	40.20	1.90	0.07
119.10	25.90	24.80	40.40	1.70	0.02
119.20	25.80	24.60	40.20	2.20	0.09
119.30	25.70	24.70	40.70	1.90	0.07
119.40	25.70	24.70	40.70	1.90	0.09
119.50	25.70	24.70	40.50	1.70	0.05
119.60	25.70	24.70	40.20	2.00	0.02
119.70	25.70	24.70	39.90	2.00	0.09
119.80	25.60	24.60	40.50	1.70	0.09
119.90	25.60	24.60	40.20	2.40	0.07
120.00	25.60	24.60	40.10	2.00	0.07
120.10	25.60	24.50	40.80	2.20	0.07
120.20	25.70	24.60	40.10	1.70	0.09
120.30	25.70	24.70	40.50	1.70	0.05
120.40	25.70	24.70	40.70	2.00	0.09
120.50	25.80	24.70	40.50	2.20	0.07
120.60	25.50	24.70	40.50	1.90	0.02
120.70	25.50	24.70	40.80	1.90	0.09
120.80	25.60	24.60	40.50	2.00	0.02
120.90	25.60	24.60	40.50	1.70	0.09
121.00	25.60	24.70	40.20	1.90	0.05
121.10	25.60	24.70	40.20	1.90	0.07
121.20	25.70	24.70	40.40	1.90	0.12
121.30	25.70	24.70	39.80	2.00	0.07
121.40	25.70	24.70	40.50	1.90	0.02
121.50	25.70	24.70	40.50	1.90	0.09
121.60	25.60	24.60	40.40	2.50	0.07
121.70	25.80	24.80	40.20	1.90	0.05
121.80	25.80	24.80	40.50	0.40	0.09
121.90	25.70	24.90	40.40	1.70	0.09
122.00	25.70	24.70	40.40	1.70	0.07
122.10	25.70	24.70	40.70	2.20	0.07
122.20	25.70	24.70	40.40	1.90	0.09
122.30	25.60	24.70	40.20	1.70	0.07
122.40	25.60	24.70	40.20	1.60	0.07
122.50	25.70	24.70	40.20	2.70	0.02
122.60	25.80	24.70	40.50	2.20	0.00
122.70	25.80	24.70	40.20	2.00	0.00
122.80	25.70	24.60	40.40	2.00	0.02
122.90	25.70	24.70	40.40	2.00	0.02
123.00	25.70	24.70	40.40	2.00	0.07
123.10	25.80	24.80	40.20	1.90	0.02
123.20	25.80	24.70	40.20	1.60	0.05
123.30	25.80	24.70	40.70	2.00	0.07
123.40	25.60	24.80	40.20	2.20	0.05
123.50	25.70	24.50	40.40	1.70	0.00
123.60	25.70	24.50	39.90	2.20	-0.05
123.70	25.70	24.60	40.10	2.50	0.02
123.80	25.80	24.70	40.10	2.50	0.02
123.90	25.80	24.70	40.50	2.00	0.07
124.00	25.80	24.70	40.70	1.60	0.05
124.10	25.60	24.80	40.70	1.70	0.02
124.20	25.60	24.80	40.50	1.90	0.02
124.30	25.70	24.70	40.40	1.40	0.02
124.40	25.70	24.70	40.40	1.70	0.02
124.50	25.70	24.70	40.50	1.90	0.00
124.60	25.80	24.80	40.10	2.70	0.09
124.70	25.60	24.70	40.10	2.70	0.02
124.80	25.60	24.70	40.10	1.90	0.09
124.90	25.60	24.50	40.40	2.00	0.02
125.00	25.60	24.60	40.40	2.20	0.07
125.10	25.60	24.60	40.10	2.00	0.09
125.20	25.80	24.70	39.80	2.00	0.09
125.30	25.70	24.90	40.70	1.90	0.05
125.40	25.70	24.90	40.50	1.70	0.07
125.50	25.60	24.60	40.40	2.20	0.07
125.60	25.60	24.60	40.40	2.20	0.02
125.70	25.60	24.60	40.70	2.20	0.05
125.80	25.50	24.50	39.90	2.00	0.02
125.90	25.70	24.70	41.20	1.70	0.05
126.00	25.70	24.70	40.80	2.00	0.07
126.10	25.60	24.60	40.40	2.80	0.02
126.20	25.70	24.60	40.80	1.70	0.09
126.30	25.70	24.60	40.40	2.00	0.07
126.40	25.60	24.60	40.80	1.90	0.07
126.50	25.60	24.60	40.80	1.90	0.09
126.60	25.60	24.60	40.20	2.00	0.07
126.70	25.60	24.80	39.90	2.00	0.02
126.80	25.60	24.80	40.40	1.90	0.05
126.90	25.60	24.70	40.50	2.00	0.05
127.00	25.70	24.70	40.10	1.90	0.02
127.10	25.70	24.70	40.40	1.90	0.05
127.20	25.60	24.70	40.40	2.00	0.05
127.30	25.70	24.80	40.50	1.90	0.07
127.40	25.70	24.80	40.50	2.00	0.07
127.50	25.60	24.60	40.10	2.00	0.05
127.60	25.70	24.60	40.50	2.00	0.09
127.70	25.70	24.60	40.70	1.90	0.05
127.80	25.70	24.70	40.50	1.70	0.07
127.90	25.50	24.70	40.50	2.20	-0.02
128.00	25.50	24.70	40.40	2.00	0.02
128.10	25.70	24.70	39.90	1.70	0.02
128.20	25.60	24.60	39.90	1.70	0.05
128.30	25.60	24.60	40.40	2.00	0.02
128.40	25.80	24.80	40.40	2.00	0.05
128.50	25.80	24.80	40.40	0.00	0.05
128.60	25.70	24.80	40.20	1.90	0.05
128.70	25.60	24.60	41.00	1.60	0.05
128.80	25.60	24.60	40.40	2.20	0.02
128.90	25.60	24.60	40.20	1.60	0.02
129.00	25.70	24.70	40.10	1.70	0.09
129.10	25.70	24.70	40.10	1.70	0.02
129.20	25.70	24.60	40.80	1.70	0.07
129.30	25.60	24.60	39.90	2.00	0.07
129.40	25.60	24.60	40.70	2.20	0.05
129.50	25.50	24.70	40.50	1.90	0.02
129.60	25.70	24.60	40.70	1.10	0.05
129.70	25.70	24.60	40.40	1.90	0.02
129.80	25.70	24.70	40.40	1.90	0.07
129.90	25.60	24.70	40.40	1.90	0.09
130.00	25.60	24.70	40.40	1.90	0.05
130.10	25.80	24.90	40.40	2.20	0.02
130.20	25.80	24.70	39.90	2.00	0.05
130.30	25.80	24.70	40.50	1.70	0.02
130.40	25.60	24.60	40.80	1.60	0.09
130.50	25.60	24.60	40.40	2.00	0.02
130.60	25.60	24.80	40.40	1.70	0.07
130.70	25.70	24.80	40.50	2.20	0.02
130.80	25.70	24.80	40.20	1.90	0.07
130.90	25.60	24.60	40.20	1.90	0.05
131.00	25.60	24.60	40.20	2.00	0.02
131.10	25.60	24.60	40.40	2.40	0.02
131.20	25.80	24.70	40.80	2.20	0.07
131.30	25.60	24.70	39.90	2.40	0.05
131.40	25.60	24.70	40.50	1.90	0.07
131.50	25.70	24.80	40.70	1.90	0.02
131.60	25.70	24.70	40.10	2.20	0.02
131.70	25.70	24.70	40.10	2.00	0.05
131.80	25.60	24.70	40.10	2.00	0.00
131.90	25.70	24.70	40.40	3.10	0.00
132.00	25.70	24.70	40.50	2.00	0.00
132.10	25.70	24.60	40.40	2.20	0.00
132.20	25.80	24.60	40.40	1.90	0.00
132.30	25.80	24.60	40.40	1.30	0.00
132.40	25.60	24.70	40.50	1.60	0.00
132.50	25.60	24.70	40.40	1.60	0.00
132.60	25.60	24.70	40.80	2.00	0.00
132.70	25.70	24.70	40.80	2.00	0.00
132.80	25.70	24.70	40.20	2.20	0.00
132.90	25.70	24.70	40.20	1.90	0.00
133.00	25.50	24.60	40.40	2.00	0.00
133.10	25.70	24.70	40.50	2.20	0.00
133.20	25.70	24.70	40.40	2.20	0.00
133.30	25.60	24.80	40.10	1.70	0.00
133.40	25.60	24.70	40.70	1.90	0.00
133.50	25.60	24.70	40.50	1.70	0.00
133.60	25.50	24.60	40.50	1.70	0.00
133.70	25.60	24.60	40.40	1.90	0.00
133.80	25.60	24.60	40.20	1.90	0.00
133.90	25.60	24.60	40.50	1.90	0.00
134.00	25.70	24.70	40.20	1.70	0.00
134.10	25.70	24.70	40.50	1.70	0.00
134.20	25.70	24.60	40.80	2.20	0.00
134.30	25.80	24.70	40.40	1.90	0.00
134.40	25.80	24.70	40.40	1.90	0.00
134.50	25.60	24.80	39.90	1.60	0.00
134.60	25.50	24.70	40.80	1.90	0.00
134.70	25.50	24.70	41.00	2.00	0.00
134.80	25.70	24.80	40.40	1.70	0.00
134.90	25.70	24.60	40.20	2.20	0.00
135.00	25.60	24.80	40.10	1.10	0.00
135.10	25.60	24.80	40.20	2.00	0.00
135.20	25.70	24.70	40.40	2.40	0.00
135.30	25.60	24.60	40.40	2.00	0.00
135.40	25.60	24.60	40.40	1.90	0.00
135.50	25.60	24.60	39.80	2.00	0.00
135.60	25.70	24.80	40.50	2.20	0.00
135.70	25.70	24.80	40.10	2.20	0.00
135.80	25.60	24.60	40.20	1.60	0.00
135.90	25.70	24.60	40.40	1.60	0.00
136.00	25.70	24.60	40.50	1.90	0.00
136.10	25.60	24.60	40.20	1.90	0.00
136.20	25.60	24.60	40.20	1.90	0.00
136.30	25.60	24.80	40.40	2.00	0.00
136.40	25.60	24.70	40.50	2.00	0.00
136.50	25.60	24.70	40.50	1.90	0.00
136.60	25.60	24.70	40.20	2.00	0.00
136.70	25.70	24.80	40.40	1.90	0.00
136.80	25.70	24.90	40.20	2.20	0.00
136.90	25.70	24.90	40.40	-0.10	0.00
137.00	25.60	24.80	40.20	2.20	0.00
137.10	25.70	24.80	40.20	2.20	0.00
137.20	25.70	24.80	40.40	1.90	0.00
137.30	25.70	24.80	40.50	2.20	0.00
137.40	25.60	24.70	39.80	2.50	0.00
137.50	25.60	24.70	40.70	2.40	0.00
137.60	25.60	24.70	40.50	2.20	0.00
137.70	25.60	24.70	40.50	1.90	0.00
137.80	25.60	24.70	40.70	1.70	0.00
137.90	25.60	24.80	40.70	2.20	0.00
138.00	25.60	24.70	40.70	2.20	0.00
138.10	25.60	24.70	40.40	2.00	0.00
138.20	25.60	24.70	40.50	1.90	0.00
138.30	25.60	24.70	40.20	2.70	0.00
138.40	25.60	24.60	40.50	2.50	0.00
138.50	25.70	24.80	40.40	2.00	0.00
138.60	25.70	24.80	40.10	3.60	0.00
138.70	25.50	24.60	40.20	1.90	0.00
138.80	25.60	24.70	40.40	1.70	0.00
138.90	25.60	24.70	40.40	1.70	0.00
139.00	25.60	24.60	39.80	2.20	0.00
139.10	25.60	24.60	40.50	1.90	0.00
139.20	25.60	24.70	39.90	1.70	0.00
139.30	25.60	24.70	40.10	2.20	0.00
139.40	25.60	24.70	40.50	1.70	0.00
139.50	25.40	24.70	40.20	2.20	0.00
139.60	25.70	24.70	40.80	1.10	0.00
139.70	25.70	24.70	39.90	1.60	0.00
139.80	25.80	24.70	39.90	1.60	0.00
139.90	25.80	24.70	40.20	2.00	0.00
140.00	25.70	24.70	40.50	2.20	0.00
140.10	25.70	24.60	40.40	2.40	0.00
140.20	25.70	24.60	40.40	1.90	0.00
140.30	25.60	24.70	40.40	1.90	0.00
140.40	25.60	24.70	40.20	2.00	0.00
140.50	25.60	24.70	40.20	2.20	0.00
140.60	25.70	24.60	40.40	2.00	0.00
140.70	25.70	24.60	40.40	2.00	0.00
140.80	25.70	24.60	40.80	1.90	0.00
140.90	25.60	24.70	40.10	2.40	0.00
141.00	25.60	24.60	40.40	2.00	0.00
141.10	25.60	24.60	40.50	1.70	0.00
141.20	25.60	24.70	40.50	1.60	0.00
141.30	25.80	24.70	40.70	1.70	0.00
141.40	25.80	24.70	40.50	2.00	0.00
141.50	25.70	24.70	40.10	2.00	0.00
141.60	25.70	24.70	40.10	2.00	0.00
141.70	25.60	24.80	40.50	1.70	0.00
141.80	25.50	24.80	40.70	1.60	0.00
141.90	25.70	24.90	40.50	2.00	0.00
142.00	25.70	24.90	40.40	2.20	0.00
142.10	25.60	24.60	40.40	1.90	0.00
142.20	25.50	24.70	40.50	2.20	0.00
142.30	25.50	24.70	40.50	1.60	0.00
142.40	25.70	24.60	40.40	2.00	0.00
142.50	25.80	24.80	40.40	2.00	0.00
142.60	25.80	24.80	40.20	1.70	0.00
142.70	25.60	24.70	40.10	1.90	0.00
142.80	25.50	24.60	40.50	2.00	0.00
142.90	25.50	24.60	40.40	2.40	0.00
143.00	25.60	24.70	40.40	2.00	0.00
143.10	25.70	24.60	40.70	2.20	0.00
143.20	25.70	24.60	40.40	1.60	0.00
143.30	25.60	24.60	40.10	1.60	0.00
143.40	25.60	24.70	40.10	1.60	0.00
143.50	25.60	24.70	40.70	1.40	0.00
143.60	25.60	24.70	39.80	1.90	0.00
143.70	25.50	24.70	40.50	1.70	0.00
143.80	25.50	24.70	40.70	2.00	0.00
143.90	25.60	24.70	40.40	2.50	0.00
144.00	25.70	24.80	40.50	1.90	0.00
144.10	25.70	24.80	40.10	2.20	0.00
144.20	25.60	24.70	40.10	2.20	0.00
144.30	25.70	24.80	40.10	2.20	0.00
144.40	25.70	24.80	40.40	2.50	0.00
144.50	25.70	24.80	40.20	2.20	0.00
144.60	25.60	24.80	40.80	2.40	0.00
144.70	25.60	24.80	38.40	1.70	0.00
144.80	25.50	24.50	40.50	2.20	0.00
144.90	25.50	24.50	39.90	1.90	0.00
145.00	25.60	24.70	40.40	2.20	0.00
145.10	25.70	24.60	40.40	2.20	0.00
145.20	25.70	24.70	40.50	1.90	0.00
145.30	25.70	24.70	40.40	1.70	0.00
145.40	25.50	24.70	40.40	1.90	0.00
145.50	25.50	24.70	39.90	1.70	0.00
145.60	25.60	24.70	40.10	1.60	0.00
145.70	25.60	24.80	40.40	2.40	0.00
145.80	25.60	24.80	40.50	1.90	0.00
145.90	25.80	24.80	40.10	1.90	0.00
146.00	25.70	24.70	40.10	1.90	0.00
146.10	25.70	24.70	40.40	2.20	0.00
146.20	25.70	24.80	40.40	1.90	0.00
146.30	25.50	24.70	40.80	2.00	0.00
146.40	25.50	24.70	38.80	1.90	0.00
146.50	25.60	24.60	40.40	2.00	0.00
146.60	25.70	24.80	40.20	2.20	0.00
146.70	25.70	24.80	40.50	2.00	0.00
146.80	25.70	24.70	40.20	1.70	0.00
146.90	25.70	24.80	40.20	1.70	0.00
147.00	25.70	24.80	40.10	2.40	0.00
147.10	25.60	24.60	40.10	1.90	0.00
147.20	25.80	24.80	38.70	1.90	0.00
147.30	25.80	24.80	41.30	1.60	0.00
147.40	25.50	24.50	40.20	1.90	0.00
147.50	25.70	24.80	40.70	1.70	0.00
147.60	25.70	24.80	40.20	1.70	0.00
147.70	25.60	24.70	40.40	2.00	0.00
147.80	25.60	24.60	40.40	2.00	0.00
147.90	25.60	24.60	40.20	1.70	0.00
148.00	25.70	24.80	40.20	1.60	0.00
148.10	25.60	24.70	40.10	2.00	0.00
148.20	25.60	24.70	41.30	1.90	0.00
148.30	25.60	24.70	40.70	2.00	0.00
148.40	25.60	24.60	40.50	2.40	0.00
148.50	25.60	24.60	40.10	1.70	0.00
148.60	25.60	24.60	40.40	1.40	0.00
148.70	25.50	24.70	40.40	1.40	0.00
148.80	25.50	24.70	40.40	2.00	0.00
148.90	25.60	24.60	40.10	2.20	0.00
149.00	25.60	24.70	40.50	1.30	0.00
149.10	25.60	24.70	39.60	2.00	0.00
149.20	25.70	24.80	40.20	1.90	0.00
149.30	25.60	24.70	40.50	2.40	0.00
149.40	25.60	24.70	41.20	1.40	0.00
149.50	25.60	24.70	40.50	2.00	0.00
149.60	25.60	24.70	40.50	2.00	0.00
149.70	25.60	24.70	40.70	1.70	0.00
149.80	25.70	24.80	39.90	1.70	0.00
149.90	25.60	24.60	40.40	2.00	0.00
150.00	25.60	24.60	40.80	2.50	0.00
150.10	25.70	24.70	40.50	2.00	0.00
150.20	25.60	24.80	39.90	2.20	0.00
150.30	25.60	24.80	40.50	1.70	0.00
150.40	25.70	24.80	40.50	2.20	0.00
150.50	25.70	24.90	40.50	2.20	0.00
150.60	25.70	24.90	40.40	1.90	0.00
150.70	25.60	24.70	40.10	2.40	0.00
150.80	25.60	24.80	40.20	1.90	0.00
150.90	25.60	24.80	40.20	2.20	0.00
151.00	25.80	24.70	40.40	2.00	0.00
151.10	25.70	24.70	40.80	1.90	0.00
151.20	25.70	24.70	40.20	1.70	0.00
151.30	25.60	24.70	40.20	1.70	0.00
151.40	25.60	24.80	40.40	1.90	0.00
151.50	25.60	24.80	40.40	2.00	0.00
151.60	25.60	24.70	40.70	1.90	0.00
151.70	25.60	24.70	40.10	1.70	0.00
151.80	25.60	24.70	40.70	2.00	0.00
151.90	25.60	24.60	40.70	2.00	0.00
152.00	25.60	24.60	40.40	1.70	0.00
152.10	25.60	24.70	40.50	1.70	0.00
152.20	25.70	24.80	40.50	1.70	0.00
152.30	25.70	24.80	40.20	2.40	0.00
152.40	25.70	24.70	40.40	1.90	0.00
152.50	25.70	24.70	40.40	1.90	0.00
152.60	25.50	24.80	40.70	2.20	0.00
152.70	25.60	24.70	40.50	0.40	0.00
152.80	25.60	24.70	40.20	2.70	0.00
152.90	25.60	24.70	40.20	2.20	0.00
153.00	25.60	24.70	40.20	1.90	0.00
153.10	25.70	24.70	40.20	1.90	0.00
153.20	25.70	24.70	40.10	2.20	0.00
153.30	25.60	24.80	40.40	2.00	0.00
153.40	25.60	24.70	40.20	2.00	0.00
153.50	25.60	24.70	40.50	1.90	0.00
153.60	25.50	24.80	40.40	1.90	0.00
153.70	25.60	24.60	40.50	2.00	0.00
153.80	25.60	24.60	40.20	1.60	0.00
153.90	25.50	24.70	39.80	2.00	0.00
154.00	25.60	24.60	39.80	2.00	0.00
154.10	25.60	24.60	40.20	1.40	0.00
154.20	25.70	24.70	40.50	1.90	0.00
154.30	25.60	24.60	40.40	1.90	0.00
154.40	25.60	24.60	40.50	1.90	0.00
154.50	25.60	24.70	40.50	1.70	0.00
154.60	25.60	24.70	40.40	1.90	0.00
154.70	25.60	24.70	40.20	2.20	0.00
154.80	25.60	24.70	40.40	1.90	0.00
154.90	25.60	24.70	40.40	1.90	0.00
155.00	25.60	24.70	40.40	2.00	0.00
155.10	25.70	24.70	40.70	2.20	0.00
155.20	25.70	24.70	40.40	1.90	0.00
155.30	25.70	24.70	40.40	2.50	0.00
155.40	25.60	24.70	40.40	1.90	0.00
155.50	25.50	24.90	40.40	2.00	0.00
155.60	25.50	24.90	40.70	2.20	0.00
155.70	25.60	24.70	40.80	1.60	0.00
155.80	25.50	24.60	40.80	1.60	0.00
155.90	25.50	24.60	40.10	1.90	0.00
156.00	25.60	24.80	40.40	2.50	0.00
156.10	25.70	24.70	40.10	2.20	0.00
156.20	25.70	24.70	40.40	2.40	0.00
156.30	25.60	24.70	40.50	1.90	0.00
156.40	25.60	24.70	40.50	2.00	0.00
156.50	25.60	24.70	40.40	1.90	0.00
156.60	25.70	24.80	39.00	2.40	0.00
156.70	25.60	24.60	39.00	2.40	0.00
156.80	25.60	24.60	40.40	1.90	0.00
156.90	25.60	24.60	40.10	1.90	0.00
157.00	25.60	24.60	40.40	1.70	0.00
157.10	25.60	24.70	40.20	1.90	0.00
157.20	25.60	24.70	39.90	2.20	0.00
157.30	25.60	24.70	40.40	1.90	0.00
157.40	25.70	24.80	40.20	1.90	0.00
157.50	25.50	24.60	40.50	1.40	0.00
157.60	25.50	24.60	40.50	1.40	0.00
157.70	25.70	24.70	40.70	0.80	0.00
157.80	25.50	24.50	40.50	2.00	0.00
157.90	25.70	24.80	40.20	1.90	0.00
158.00	25.70	24.80	40.50	2.00	0.00
158.10	25.50	24.70	40.20	1.60	0.00
158.20	25.50	24.70	40.40	2.00	0.00
158.30	25.60	24.80	41.00	1.90	0.00
158.40	25.60	24.70	40.10	1.60	0.00
158.50	25.60	24.70	40.10	1.60	0.00
158.60	25.60	24.70	40.50	1.70	0.00
158.70	25.60	24.60	40.10	2.20	0.00
158.80	25.60	24.60	39.90	2.00	0.00
158.90	25.70	24.80	40.70	1.90	0.00
159.00	25.60	24.70	40.10	1.60	0.00
159.10	25.60	24.70	40.80	1.90	0.00
159.20	25.60	24.70	40.40	2.00	0.00
159.30	25.60	24.60	40.40	1.70	0.00
159.40	25.70	24.80	40.40	1.70	0.00
159.50	25.70	24.80	40.80	2.20	0.00
159.60	25.40	24.60	40.20	1.70	0.00
159.70	25.70	24.80	40.20	2.20	0.00
159.80	25.70	24.80	40.40	2.00	0.00
159.90	25.60	24.70	40.70	1.70	0.00
160.00	25.60	24.80	40.10	2.20	0.00
160.10	25.60	24.80	40.20	1.70	0.00
160.20	25.70	24.70	41.60	1.70	0.00
160.30	25.70	24.70	41.60	1.70	0.00
160.40	25.70	24.70	40.10	2.00	0.00
160.50	25.70	24.80	40.20	1.90	0.00
160.60	25.50	24.70	40.40	2.20	0.00
160.70	25.50	24.70	39.80	1.70	0.00
160.80	25.50	24.70	40.40	1.90	0.00
160.90	25.50	24.70	40.50	2.20	0.00
161.00	25.50	24.70	40.20	1.60	0.00
161.10	25.60	24.70	39.80	1.90	0.00
161.20	25.70	24.70	39.80	1.90	0.00
161.30	25.70	24.70	40.50	2.40	0.00
161.40	25.60	24.80	40.20	2.00	0.00
161.50	25.60	24.70	40.50	1.90	0.00
161.60	25.60	24.70	40.40	2.20	0.00
161.70	25.50	24.70	40.20	2.40	0.00
161.80	25.60	24.70	41.00	2.40	0.00
161.90	25.60	24.70	40.40	1.70	0.00
162.00	25.50	24.60	40.20	2.20	0.00
162.10	25.60	24.80	40.40	2.70	0.00
162.20	25.60	24.80	40.40	1.60	0.00
162.30	25.60	24.70	40.20	2.00	0.00
162.40	25.60	24.80	40.50	2.20	0.00
162.50	25.60	24.70	40.80	1.90	0.00
162.60	25.60	24.70	40.10	2.20	0.00
162.70	25.70	24.70	40.40	2.40	0.00
162.80	25.70	24.70	40.10	2.20	0.00
162.90	25.60	24.70	40.10	2.20	0.00
163.00	25.50	24.60	40.70	1.90	0.00
163.10	25.50	24.60	40.70	2.00	0.00
163.20	25.60	24.80	40.40	2.20	0.00
163.30	25.60	24.60	40.20	2.20	0.00
163.40	25.60	24.60	40.20	2.00	0.00
163.50	25.70	24.70	40.20	2.40	0.00
163.60	25.70	24.70	40.70	1.90	0.00
163.70	25.60	24.70	40.40	2.20	0.00
163.80	25.60	24.60	40.40	2.20	0.00
163.90	25.60	24.60	40.70	1.90	0.00
164.00	25.60	24.80	40.20	2.40	0.00
164.10	25.60	24.80	40.20	2.00	0.00
164.20	25.50	24.60	40.40	1.60	0.00
164.30	25.60	24.70	40.40	2.20	0.00
164.40	25.60	24.70	40.20	2.00	0.00
164.50	25.60	24.70	39.80	2.00	0.00
164.60	25.60	24.60	40.20	2.20	0.00
164.70	25.60	24.60	40.20	2.20	0.00
164.80	25.50	24.60	40.20	1.70	0.00
164.90	25.50	24.60	40.40	1.90	0.00
165.00	25.50	24.60	40.20	1.90	0.00
165.10	25.60	24.70	40.10	2.00	0.00
165.20	25.60	24.70	40.40	2.00	0.00
165.30	25.60	24.70	40.20	1.70	0.00
165.40	25.60	24.80	39.90	1.70	0.00
165.50	25.60	24.80	40.40	1.90	0.00
165.60	25.60	24.70	40.40	1.90	0.00
165.70	25.70	24.80	40.40	2.50	0.00
165.80	25.70	24.80	40.70	1.70	0.00
165.90	25.60	24.70	40.40	2.20	0.00
166.00	25.70	24.70	40.10	1.90	0.00
166.10	25.70	24.70	40.40	3.40	0.00
166.20	25.50	24.80	40.40	2.40	0.00
166.30	25.60	24.70	39.00	2.20	0.00
166.40	25.60	24.70	40.50	1.70	0.00
166.50	25.50	24.70	40.50	1.70	0.00
166.60	25.60	24.70	40.40	2.00	0.00
166.70	25.60	24.70	40.50	2.00	0.00
166.80	25.50	24.90	40.70	1.60	0.00
166.90	25.50	24.70	40.10	2.00	0.00
167.00	25.50	24.70	40.40	2.40	0.00
167.10	25.60	24.60	41.20	1.70	0.00
167.20	25.60	24.80	40.20	2.00	0.00
167.30	25.60	24.70	40.20	2.00	0.00
167.40	25.60	24.70	39.90	2.00	0.00
167.50	25.60	24.70	40.40	2.20	0.00
167.60	25.70	24.80	40.40	2.20	0.00
167.70	25.70	24.80	40.70	1.60	0.00
167.80	25.70	24.80	40.40	2.00	0.00
167.90	25.50	24.70	40.50	1.60	0.00
168.00	25.50	24.70	40.10	1.70	0.00
168.10	25.60	24.80	40.20	2.40	0.00
168.20	25.50	24.70	40.20	2.40	0.00
168.30	25.50	24.70	40.50	1.60	0.00
168.40	25.60	24.60	40.20	1.70	0.00
168.50	25.60	24.80	40.70	2.00	0.00
168.60	25.60	24.80	40.20	1.70	0.00
168.70	25.50	24.60	40.50	2.00	0.00
168.80	25.70	24.80	40.20	1.70	0.00
168.90	25.70	24.80	40.20	1.60	0.00
169.00	25.60	24.70	40.40	1.70	0.00
169.10	25.60	24.80	40.40	1.70	0.00
169.20	25.60	24.80	40.80	1.90	0.00
169.30	25.60	24.60	40.40	1.70	0.00
169.40	25.60	24.60	40.80	2.20	0.00
169.50	25.50	24.70	40.50	2.20	0.00
169.60	25.60	24.70	40.50	2.70	0.00
169.70	25.60	24.70	40.40	2.00	0.00
169.80	25.50	24.70	40.10	2.00	0.00
169.90	25.50	24.70	40.40	1.70	0.00
170.00	25.70	24.70	39.90	1.70	0.00
170.10	25.60	24.80	40.20	1.70	0.00
170.20	25.60	24.80	40.50	2.20	0.00
170.30	25.70	24.70	40.50	1.60	0.00
170.40	25.70	24.70	40.50	2.00	0.00
170.50	25.70	24.70	40.50	1.90	0.00
170.60	25.50	24.70	40.10	2.00	0.00
170.70	25.60	24.80	40.10	2.20	0.00
170.80	25.60	24.80	40.80	2.00	0.00
170.90	25.70	24.80	40.80	2.00	0.00
171.00	25.60	24.70	40.70	2.00	0.00
171.10	25.60	24.70	40.40	2.40	0.00
171.20	25.60	24.80	39.90	2.20	0.00
171.30	25.60	24.80	40.20	2.20	0.00
171.40	25.60	24.80	40.70	1.70	0.00
171.50	25.60	24.70	40.40	2.20	0.00
171.60	25.60	24.70	40.70	2.00	0.00
171.70	25.60	24.80	40.80	2.40	0.00
171.80	25.60	24.80	41.50	1.60	0.00
171.90	25.70	24.80	40.50	1.90	0.00
172.00	25.40	24.70	40.10	1.70	0.00
172.10	25.70	24.80	40.70	1.70	0.00
172.20	25.70	24.80	40.10	1.70	0.00
172.30	25.50	24.70	40.10	1.90	0.00
172.40	25.60	24.80	40.20	2.00	0.00
172.50	25.60	24.80	40.40	3.00	0.00
172.60	25.50	24.80	41.00	1.70	0.00
172.70	25.50	24.80	41.00	1.70	0.00
172.80	25.50	24.80	40.70	1.60	0.00
172.90	25.70	24.90	40.10	1.60	0.00
173.00	25.50	24.70	40.40	2.20	0.00
173.10	25.50	24.70	40.40	2.00	0.00
173.20	25.50	24.80	40.20	1.70	0.00
173.30	25.60	24.70	40.10	2.00	0.00
173.40	25.60	24.70	40.70	2.00	0.00
173.50	25.60	24.70	40.20	2.20	0.00
173.60	25.60	24.80	40.20	2.20	0.00
173.70	25.60	24.80	40.40	1.90	0.00
173.80	25.60	24.80	40.80	2.40	0.00
173.90	25.60	24.80	39.90	2.20	0.00
174.00	25.70	24.80	40.40	2.00	0.00
174.10	25.60	24.80	40.10	1.70	0.00
174.20	25.60	24.80	40.10	2.40	0.00
174.30	25.70	24.70	40.40	2.00	0.00
174.40	25.60	24.70	40.50	2.00	0.00
174.50	25.60	24.70	40.50	1.60	0.00
174.60	25.60	24.70	40.40	1.60	0.00
174.70	25.60	24.70	40.20	1.90	0.00
174.80	25.60	24.70	40.20	2.00	0.00
174.90	25.60	24.70	40.50	1.70	0.00
175.00	25.60	24.70	39.60	1.90	0.00
175.10	25.50	24.70	40.40	1.70	0.00
175.20	25.70	24.70	40.10	2.00	0.00
